=== 2975608 (expect 4-0) ===
URL: https://live.titan007.com/jsData/29/75/2975608.js
Size: 1068 chars
Content:
﻿var sOdds=[];var sOdds8=[['未开场',0,0,0.73,0,1.08,0.73,0,1.08,1.00,0.25,0.80,1.00,0.25,0.80,0.70,0.75,1.10,0.70,0.75,1.10,1.00,2.25,0.80,1.00,2.25,0.80,3.00,2.00,3.60,3.00,2.00,3.60,2.20,3.25,2.80,2.20,3.25,2.80,0,0,0,0,0,0,0],['22',0,0,,,,,,,1.02,0.25,0.77,0.95,1,0.85,,,,,,,1.02,2.25,0.77,0.87,2.5,0.92,,,,,,,2.20,3.25,2.87,1.50,4.00,6.00,1,0,0,0,0,0,0],['44',1,0,,,,,,,1.02,0.25,0.77,0.67,0,1.15,,,,,,,0.95,2.75,0.85,1.02,2.25,0.77,,,,,,,1.36,4.50,7.50,1.30,4.50,9.00,1,0,0,0,0,0,0],['中场',1,0,,,,,,,,,,,,,,,,,,,1.05,2.25,0.75,1.05,2.25,0.75,,,,,,,,,,,,,2,0,0,0,0,0,0],['58',1,0,,,,,,,0.70,0,1.10,0.70,0,1.10,,,,,,,1.07,2.25,0.72,0.85,1.75,0.95,,,,,,,1.28,4.50,9.00,1.22,4.75,12.00,3,0,0,0,0,0,0],['

=== 2974720 (expect 2-1) ===
URL: https://live.titan007.com/jsData/29/74/2974720.js
Size: 1033 chars
Content:
﻿var sOdds=[];var sOdds8=[['未开场',0,0,1.05,0,0.75,0.68,0,1.15,1.08,0,0.73,1.00,0.25,0.80,0.93,0.75,0.88,1.00,0.75,0.80,0.78,1.75,1.03,0.87,1.75,0.92,3.75,1.83,3.25,3.20,1.83,4.00,2.80,2.90,2.35,2.25,2.90,3.00,0,0,0,0,0,0,0],['09',0,0,,,,,,,0.97,0.25,0.82,1.02,0.25,0.77,,,,,,,0.90,1.75,0.90,0.85,1.5,0.95,,,,,,,2.25,2.90,3.10,2.37,2.87,3.20,1,0,0,0,0,0,0],['35',1,0,,,,,,,0.97,0.25,0.82,1.07,-0.75,0.72,,,,,,,0.82,2.5,0.97,0.72,2.75,1.07,,,,,,,1.33,4.75,8.00,2.50,2.50,3.40,1,0,0,0,0,0,0],['42',1,1,,,,,,,0.97,0,0.82,0.75,0,1.05,,,,,,,0.82,3,0.97,0.85,2.75,0.95,,,,,,,3.20,2.25,3.00,3.20,1.95,3.75,1,0,0,0,0,0,0],['中场',1,1,,,,,,,0.80,0,1.00,0.80,0,1.00,,,,,,,0.87,2.75,0.92,0.87,2.75,0.92,,,,,,,3.25,1

=== 2963060 (expect unknown) ===
URL: https://live.titan007.com/jsData/29/63/2963060.js
Size: 1781 chars
Content:
﻿var sOdds=[['早餐',0,0,0.94,-0.25,0.94,0.92,-0.25,0.96,0.90,-0.75,0.98,0.82,-0.75,1.06,0.86,1,1.00,0.84,1,1.04,0.84,2.5,1.02,0.97,2.5,0.91,4.65,2.26,2.36,4.80,2.20,2.40,4.35,4.00,1.76,4.50,3.65,1.80,0,0,0,0,0,0,0],['未开场',0,0,0.92,-0.25,0.97,0.87,-0.25,1.01,0.82,-0.75,1.07,1.07,-0.5,0.81,0.89,1,0.99,0.96,1,0.92,0.96,2.5,0.92,1.02,2.5,0.86,4.50,2.19,2.49,4.65,2.16,2.49,4.40,3.65,1.82,4.45,3.65,1.81,0,0,0,0,0,0,0],['45',0,0,0.86,-0.25,1.02,1.53,0,0.54,1.06,-0.5,0.83,0.99,-0.25,0.90,0.99,1,0.89,7.69,0.5,0.01,1.01,2.5,0.87,1.01,1.25,0.87,4.55,2.04,2.70,26.00,1.01,20.00,4.25,3.70,1.83,5.00,2.39,2.31,1,0,0,0,0,0,0],['中场',0,0,,,,,,,1.01,-0.25,0.88,1.07,-0.25,0.82,,,,,,,0.98,1.25,0.90,0.99,1.25,0.89,,
